921018495
975278077
973090704
987004061
973109790
971811781
917108331
917330271
971823844
975310981
973149237
873149302
975787419
917730784
922085021
973166670
976677544
922254648
973174541
912076512
988688703
988693545
988837482
971899182
973427334
895906832
973458531
977330912
990221197
977339871
884902142
977546435
990721890
990778051
971937823
973621092
923819576
971962941
919093781
971983388
991717463
914143071
914143128
973920340
973982729
972046159
972048992
974068435
993019283
974108534
981922956
993843512
993906018
993910317
912752127
994263072
919860693
971604530
994919318
974160129
972104124
995100673
971639164
982317371
875825372
995245175
995276127
914329701
983365477
974506718
971725044
971725184
971737441
971744502
971754966
971755512
971763582
971777362
971788569
971796537
971808292
971811048
971814446
971821426
971828390
971829311
971829672
971833939
971836903
971836970
971847565
971850175
971853131
971860049
971869461
971869534
971879564
971884983
971907495
971919507
971923776
971937459
971954760
971975709
972016152
972032328
972033952
972048712
972078042
972087130
972090727
972090905
972095990
972112771
972124532
972152137
972172952
972187046
972193240
972202967
972251372
972253928
972322784
972340855
972372544
972431257
972617385
972709700
972775991
972831751
972990396
972990663
973008390
973013262
973061763
973070754
973070770
973073621
973087274
973098675
973117734
973127357
973133519
973149172
973149199
973152351
973152424
973154427
973157906
973160052
973167367
973172506
973178253
973245546
973254855
973261762
973332074
973407627
973425765
973439995
973459422
973529285
973536729
973550128
973610309
973635921
973661620
973790838
973802046
973861344
973861778
973890972
973919687
974019523
974053578
974060817
974092379
974121832
974128845
974137127
974137976
974140845
974165716
974170264
974193442
974193485
974196719
974287005
974335727
974345218
974543508
974552868
974558068
974561662
974563495
974589842
974589982
974590042
974590344
974590565
974590913
974706415
974708612
974718669
974757486
974893932
975012719
975026175
975026205
975043096
975047962
975048004
975048454
975070425
975236285
975269965
975270114
975277895
975278301
975278948
975296504
975297497
975298523
975299600
975309134
975310914
975317099
975324699
975822117
976162625
976266463
976351037
976677218
976677269
976677870
976752422
976815300
976824466
976824679
976824784
976824938
976825330
976826485
976837126
976929470
977071798
977343380
977450489
978018270
978598420
978677789
979107919
979149840
979352670
979378890
979476442
979736398
979756682
979874162
979931395
980090019
980094588
980204596
980251144
980497933
980602273
980992179
981335678
981347978
981438515
981541499
981964713
981969219
981981839
982037816
982040132
982182352
982310326
982317029
982362709
982388139
982936411
982986265
983160522
983353886
983392075
983455271
983509916
983531407
983625266
983682928
983766382
983796346
983818102
983827136
983993222
984178107
984189362
984352131
984381344
984499353
984618646
984764820
985077746
985089841
985092346
985220123
985235074
985255245
985345198
985345287
985381755
985530890
985576467
985582408
985651868
985678405
985719152
986014888
986480374
986493735
986505857
986585923
986590625
986770224
986791760
986822712
986935746
987077808
987156473
987195428
987339195
987407956
987463260
987630205
987674105
987679328
987807067
987823798
987885769
987966807
987969962
988025305
988087505
988165166
988165360
988225002
988235970
988265764
988339490
988421332
988464716
988645575
988837598
988922064
989012711
989113739
989471600
989587692
989801937
990302294
990314993
990418241
990528594
990548447
990709890
990792933
990928649
990938733
990942005
991023631
991075348
991174435
991253815
991484892
991702199
991734341
991788697
991992278
992172800
992217324
992263695
992314168
992384344
992636947
992802022
811574392
992961228
993031569
993148369
993233994
993379514
993520438
993818739
993819719
994224077
994858505
994874578
994907883
994996193
995077574
995131668
995166615
995182963
995187132
995200198
995508109
995661810
995666812
995713918
995714590
995745054
995904640
995964570
996075702
996199738
996310116
996485188
996753093
996785386
996893774
997007190
997134087
997188616
997210298
997443934
997478487
997593545
997692470
997708261
997862368
997907698
997930673
997954416
997973577
997988752
998135850
998210542
998432847
998440629
998615534
998739357
998757754
998838452
998854504
998874483
999061346
999100678
999117562
999180523
999278485
999293468
999433936
999491359
999580491
999646794
992932651
813999242
814130932
815568702
815988582
816514932
817422462
817847072
818802072
820331842
871687382
871711542
871761612
871934452
871972982
872030522
872196102
872280952
872282742
873111682
873251832
873360682
873826762
873926112
874155942
874290882
874559792
874573922
874707422
875285882
875302892
875395882
875953532
876444062
877539202
878817842
880594842
882067432
882394522
882698122
884681022
885777112
887474672
887916292
887965722
889504722
889918462
893081232
897509822
898027422
898312232
911621347
911641879
911709929
911722798
911860457
912007200
912054128
912264343
912335542
912583589
912626512
912782794
913058577
913133188
913257154
913284410
913458206
913481550
913541456
913577892
913711793
913804872
913907531
914049237
914053579
914142032
914147328
914187605
914240018
914324475
914350654
914445175
914461731
914506662
914604567
914786576
914846994
914851068
914854202
914887801
914914752
914974844
915022529
915112188
915204155
915246354
915485979
915591663
915888666
915929389
916054149
916055897
916255543
916369271
916399405
916467265
916583516
916608640
916622961
916675968
917377197
917497788
917736928
918047921
918150781
918186565
918193340
918270760
918363890
918368256
918478442
918535705
918572074
919152028
919250178
919344601
919386673
919423234
919850477
919913983
920139159
920335195
920379389
920620981
921083165
921137648
921310056
921576765
921671210
921812345
921815964
921849494
921873972
922037620
922108684
922108838
922253498
922330514
922389438
922713332
922743541
922939519
923183078
923362045
923362207
923547037
923554653
924348046
924390379
924530316
924603690
924653558
971600896
971603712
971603747
971615397
971659092
971677864
971680695
971685514