974778726
997506499
912001008
999173926
974590344
974590646
974590867
974590883
976811232
979591039
984611412
986562761
996216454
996377210
875316532
988364630
988189197
979593015
921750463
974589613
974589648
979590490
918776931
913135679
913135598
974589664
986482490
974590514
979589506
974590581
916513968
974589737
979590180
974589745
986482520
973626442
979927533
986732144
974590417
979589514
974590565
874589772
974589850
979590466
880954342
974589877
986768408
979126743
986482717
987131780
987107928
974589907
979589670
974589931
886482752
974589974
986482822
974590794
973626450
979589700
874590002
979590474
974590980
974590492
979589549
974590034
986482849
974590476
886482892
974590611
974590069
986482970
974590921
974590085
979590202
974590093
879590612
973626221
974589885
974590107
979589719
974590050
979589573
874590142
979590210
979127502
986785329
979126352
876805022
975960277
986785337
974590484
879589592
974590247
986732187
974590271
986768440
879126312
974590379
986768637
974590387
979590636